Random dataset(1000)
PartitionDPPMCMC(150,150)
gI:6.8032e-133, 4.9409e-133, 5.8871e-133, 6.0607e-133, 4.8059e-133, 5.5556e-133 | 5.6755666e-133
dI:2,2,2,2,2,2

PartitionDPPGreedySampling(150,150)
gI:4.8965e-133, 4.0150e-133, 4.8921e-133, 4.1476e-133, 6.3678e-133, 3.6540e-133, 4.0486e-133 
dI:

PartitionDPPGreedySamplingFollowedBy1000MCMC(150,150)
gI:4.9254e-133, 5.3830e-133, 6.1570e-133, 5.3138e-133, 5.7325e-133, 5.4372e-133, 6.3146e-133
dI:

kDPP(300)
gI: 6.9824e-133, 9.4088e-133, 8.5074e-133, 7.9493e-133, 8.8560e-133, 1.0155e-132 |
dI: 2, 1.8764, 1.9989, 1.9840, 1.8984, 1.9677 | 1.9542333

kiDPP(150,150)
gI: 5.7631e-133, 5.1669e-133, 4.3997e-133, 5.1620e-133,4.3071e-133,7.1047e-133 |
dI:2,2,2,2,2,2


Uniform(300)
gI:3.9137e-133, 4.3988e-133, 3.9649e-133, 8.4439e-133, 5.5153e-133 |
dI: 1.9984, 1.8984, 1.9978, 1.9956, 1.8764 | 1.95332





