TODO:
 PartitionGreedySampling, % in pos class, dual for nystrom, see their logreg code

Gummadi(no subsampling)-Random Dataset(1000)-testloss
1 - .7787, .7753,.7780 | .77733
0.9 - .7693,.7730,.7673 | 
0.8- .7580,.7623,.7586 | 
0.7- .7529,.7529,.7514 | 
0.6- .7438,.75,.7508 | 
.5-.7377,.7438,.7408 | 
.4-.7362,.7362,.7348 | 
.3-.7310,.7230,.7302 | 
.2-.7270,.7225,.7286 | 
.1-0.7257,.7178,.7208 | 


kDPP(300)
1 - 0.7483,0.7484,0.7480 |
0.9 - 0.7408,0.7439,0.7439 |
0.8-0.7383,0.7340,0.7398 |
0.7-0.7299,0.7268,0.7211 |
0.6-0.7128,0.7184,0.7154 |
0.5-0.7099,0.7140,0.7054 |
0.4-0.7034,0.7034,0.7098 |
0.3-0.6917,0.7006,0.6949 |
0.2-0.6917,0.6944,.6917 |
0.1-0.6889,0.6812,0.6870 |


k1k2DPP(150,150)
1 - 0.7285,0.7299,0.7295 |
0.9 -0.7217,0.7223,0.7221 |
0.8-0.7156,0.7189,0.7181 |
0.7-0.7053,0.7041,0.7080 |
0.6-0.6917,0.6929,0.6945 |
0.5-0.6864,0.6880,0.6863 |
0.4-0.6783,0.6795,0.6786 |
0.3-0.6709,0.6714,0.6724 |
0.2-0.6638,0.6684,0.6656 |
0.1-0.6580,0.6609,0.6598 |


PartitionDPP(150,150)
1 - 0.7467,0.7453,0.7424 |
0.9 - 0.7369,0.7352,0.7379 |
0.8-0.7252, 0.7244,0.7261 |
0.7-0.7152,0.7165,0.7201 |
0.6- 0.7032,0.7054, 0.7012 |
0.5- 0.6911, 0.6923, 0.6919 |
0.4- 0.6872, 0.6891, 0.6861 |
0.3- 0.6802, 0.6755, 0.6815 |
0.2- 0.6702, 0.6750,  0.6709 |
0.1-0.6680,0.6738,0.6724 |

Uniform(300)
1 - 0.6897, 0.6968, 0.7211, 0.7069, 0.6925, 0.7039,0.7141, 0.7269, 0.7155, 0.7069, 0.7184, 0.7141, 0.7184, 0.7267 ,0.7199 | 
0.9 - 0.7041, 0.7155, 0.7097, 0.7140, 0.7098, 0.7055, 0.6709, 0.7213,  0.6897, 0.7128, 0.6954, 0.6712, 0.7068, 0.6910, 0.7098 |
0.8- 0.7130, 0.7025, 0.7059, 0.7086, 0.6701, 0.7043, 0.7012, 0.7025, 0.6643, 0.6654, 0.7014, 0.7043, 0.7141,0.6638, 0.7070 |
0.7- 0.7030, 0.6697, 0.7030, 0.7136, 0.6970, 0.7043, 0.6679, 0.7058, 0.7048, 0.6697,0.7039, 0.7036, 0.6986, 0.6714, 0.7046 |
0.6- 0.6957, 0.6514, 0.6901, 0.6928, 0.6601, 0.7021, 0.6979,0.7012, 0.6948, 0.6936, 0.6988, 0.7091, 0.6652, 0.6991, 0.7045 |
0.5- 0.6790, 0.6875, 0.6605, 0.6852, 0.6953,  0.6874, 0.6937, 0.6606, 0.6805, 0.6652, 0.6609, 0.6852, 0.6728, 0.6914, 0.6621  |
0.4- 0.6733,0.6831, 0.6784, 0.6986, 0.6612, 0.6836, 0.6751, 0.6875, 0.6776, 0.6633, 0.6788, 0.6783, 0.6621, 0.6857, 0.6691 |
0.3-0.65, 0.6733, 0.6467, 0.65, 0.6641,0.67, 0.6633, 0.6433, 0.6667, 0.6653, 0.6764, 0.6674, 0.6667, 0.6721, 0.6767 |
0.2-0.6641, 0.6783, 0.6265, 0.6695,0.6399,0.6740, 0.6875, 0.6755, 0.6726, 0.6655, 0.6883, 0.6711,0.6241, 0.6511, 0.6241 |
0.1- 0.6226, 0.6597,0.6400, 0.6267, 0.6233, 0.67, 0.6167, 0.6867, 0.6367, 0.67, 0.64, 0.6533, 0.6567, 0.6667, 0.6433 |

PartitionDPPGreedySamplingFollowedBy1000MCMC(150,150)
1 - 0.7361,0.7363,0.7357,0.7366,0.7359,0.7402,0.7372,0.7379,0.7383,0.7362,0.7407, 0.7372,0.7381,0.7366,0.7384,0.7389,0.7355
0.9 - 0.7284,0.7269, 0.7288, 0.7291,0.7290,0.7288,0.7276,0.7279,0.7296,0.7301,0.7275,0.7279,0.7289,0.7267,0.7288,0.7299,0.7287
0.8-0.7179,0.7153, 0.7169,0.7175,0.7146,0.7159, 0.7161,0.7173,0.7192,0.7169, 0.7172,0.7158,0.7179,0.7181,0.7163,0.7159,0.7169
0.7-0.7013,0.7028, 0.7055,0.7061,0.7041, 0.7059, 0.7061, 0.7049, 0.7055, 0.7062, 0.7041, 0.7059, 0.7072, 0.7064, 0.7081,0.7014
0.6- 0.6965, 0.6971, 0.6965, 0.6945, 0.6954, 0.6972, 0.6968, 0.6974, 0.6959, 0.6971, 0.6968, 0.6974, 0.6989,0.6961, 0.6955
0.5- 0.6853,0.6812,0.6864,0.6881,0.6873, 0.6844, 0.6875, 0.6827, 0.6881,0.6875,0.6847,0.6889, 0.6902,0.6891,0.6873,0.6861
0.4- 0.6758, 0.6803, 0.6798, 0.6819, 0.6806, 0.6813, 0.6794, 0.6834, 0.6779, 0.6824, 0.6844, 0.6761,0.6830, 0.6809, 0.6770
0.3-  0.6702, 0.6728, 0.6715, 0.6721, 0.6713, 0.6736, 0.6723, 0.6705, 0.6733, 0.6713, 0.6726,0.6708, 0.6736, 0.6749, 0.6712
0.2- 0.6688, 0.6695, 0.6706, 0.6714, 0.6693, 0.6702, 0.6713, 0.6693, 0.6677, 0.6721, 0.6708, 0.6675, 0.6689, 0.6703, 0.6695 
0.1-  0.6617, 06667, 0.6637, 0.6675, 0.6584, 0.6642, 0.6610, 0.6623, 0.6597, 0.6606, 0.6652, 0.6604, 0.6607, 0.6756 0.6620,  




